
 ----------------------------------------

DISTANCE DRIVER SCENARIO	Params!
		duration=300
		numLanes=3
		vehiclesPerMinute=100
		aggD=1.0
		avgD=1.0
		distD=4.0
		passiveD=1.0
		viewStart=1000
		viewWidth=100000

prefSpeed: 0.22954091816367264
below prefSpeed: 0.5868263473053892
avg Speed: 36.8649928957417
Percent stopped: 0.34331337325349304